317518
317594
317662
317727
317729
317737
317747
317765
317770
317773
317907
317943
317966
317967
317993
318001
318113
318143
318176
318227
318330
318348
318378
318419
318484
318519
318618
318659
318668
318684
318709
318743
318757
318766
318778
318784
318848
318878
318896
318897
318995
319001
319026
319051
319071
319153
319302
319328
319338
319351
319417
319435
319542
319559
319645
319654
319687
319715
319720
319725
319729
319945
320015
320046
320099
320168
320187
320192
320222
320243
320263
320278
320319
320323
320325
320355
320470
320568
320633
320677
320691
320758
320897
320898
320940
320987
320992
320995
321060
321078
321152
321221
321259
321317
321324
321424
321436
321494
321526
321543
321547
321568
321600
321704
321790
321806
321812
321820
321826
321889
321899
321970
321980
321991
321999
322058
322074
322077
322091
322116
322128
322160
322177
322212
322392
322448
322490
322537
322545
322571
322590
322593
322622
322659
322677
322737
322761
322796
322910
322928
322943
323023
323048
323085
323190
323213
323226
323356
323386
323394
323442
323486
323502
323510
323528
323545
323546
323572
323647
323648
323654
323668
323680
323691
323712
323726
323735
323781
323806
323899
323911
323922
323944
323959
323968
323986
323988
324107
324180
324197
324293
324301
324328
324331
324332
324378
324393
324397
324455
324458
324465
324471
324548
324554
324608
324629
324639
324717
324722
324724
324729
324745
324758
324776
324813
324816
324869
324900
324903
324909
324931
325011
325025
325047
325069
325073
325111
325159
325246
325249
325255
325372
325440
325442
325483
325535
325552
325561
325615
325619
325633
325648
325649
325716
325718
325773
325808
325818
325901
325906
325964
325981
326042
326098
326105
326126
326152
326167
326175
326181
326190
326194
326206
326235
326259
326279
326283
326284
326288
326325
326357
326377
326398
326423
326427
326446
326509
326531
326538
326542
326554
326573
326602
326631
326668
326695
326708
326715
326806
326815
326958
326962
327214
327217
327225
327226
327256
327275
327284
327300
327328
327354
327360
327387
327395
327413
327425
327606
327628
327689
327730
327830
327835
327839
327854
327880
327898
327900
327906
327943
327953
327967
328001
328016
328046
328084
328100
328102
328131
328174
328179
328227
328235
328273
328281
328288
328324
328325
328397
328416
328417
328440
328457
328466
328532
328560
328566
328628
328647
328652
328667
328674
328678
328716
328722
328803
328815
328854
328856
328929
329000
329003
329009
329010
329036
329053
329084
329112
329113
329136
329164
329216
329218
329311
329325
329437
329462
329471
329503
329535
329540
329658
329671
329743
329783
329800
329808
329815
329832
329833
329875
329886
329891
329932
329945
329964
329968
330046
330060
330078
330082
330099
330130
330150
330177
330181
330202
330250
330291
330292
330306
330307
330309
330318
330321
330339
330347
330372
330381
330397
330415
330428
330434
330457
330468
330475
330550
330560
330562
330592
330598
330606
330675
330681
330727
330797
330812
330836
330864
330889
330918
330926
330937
330948
330980
330983
330996
331040
331096
331099
331137
331144
331170
331263
331383
331455
331468
331487
331492
331505
331516
331518
331528
331536
331550
331556
331567
331589
331631
331657
331669
331689
331731
331780
331832
331875
331882
331887
331945
331969
332000
332018
332042
332052
332056
332077
332099
332117
332127
332166
332187
332217
332220
332269
332340
332354
332360
332363
332372
332383
332411
332445
332457
332481
332487
332518
332559
332561
332614
332624
332636
332695
332749
332777
332793
332804
332889
332903
332925
332926
332997
333005
333034
333045
333048
333051
333060
333078
333106
333121
333158
333173
333179
333258
333271
333310
333319
333334
333415
333423
333444
333449
333458
333484
333519
333554
333558
333590
333602
333625
333658
333676
333733
333745
333755
333816
333825
333908
333918
333937
333977
334016
334040
334070
334184
334218
334296
334329
334330
334333
334366
334378
334384
334523
334546
334548
334585
334607
334650
334689
334704
334735
334752
334774
334855
334871
334914
334944
334977
334984
334986
334992
335020
335025
335033
335042
335126
335128
335134
335140
335142
335147
335183
335198
335205
335286
335322
335324
335333
335342
335362
335420
335440
335446
335456
335464
335484
335501
335505
335519
335523
335524
335549
335559
335560
335575
335621
335631
335708
335711
335712
335775
335789
335808
335862
335873
335876
335897
335926
335936
335948
335954
335958
335971
335976
335987
336016
336022
336026
336052
336060
336071
336079
336096
336149
336170
336183
336219
336227
336229
336246
336254
336264
336362
336374
336402
336414
336420
336427
336434
336456
336504
336561
336567
336586
336597
336605
336658
336667
336680
336684
336755
336800
336913
336962
336973
336985
336992
337019
337021
337026
337079
337085
337103
337195
337232
337266
337280
337283
337351
337361
337408
337473
337484
337525
337533
337696
337725
337726
337737
337767
337775
337781
337791
337864
337884
337887
337902
337915
337928
337930
337939
337940
337953
337954
337955
338002
338043
338060
338063
338102
338103
338106
338247
338252
338307
338308
338338
338361
338376
338385
338395
338431
338433
338468
338529
338548
338562
338564
338567
338580
338603
338652
338657
338681
338701
338708
338713
338729
338746
338780
338787
338830
338840
338873
338899
338930
338963
339003
339013
339035
339055
339077
339082
339090
339094
339136
339157
339171
339173
339193
339229
339276
339286
339337
339348
339367
339386
339395
339397
339421
339500
339512
339577
339623
339659
339678
339679
339680
339691
339706
339722
339737
339772
339793
339802
339818
339874
339877
339891
339899
339912
339916
339975
339981
340002
340036
340066
340128
340159
340160
340172
340181
340189
340214
340216
340249
340318
340348
340355
340366
340375
340409
340427
340448
340455
340518
340537
340557
340659
340667
340685
340784
340794
340815
340818
340822
340824
340833
340850
340866
340887
340888
340947
340955
340964
340989
341081
341083
341089
341125
341193
341379
341389
341434
341439
341464
341479
341491
341503
341528
341549
341575
341587
341604
341638
341644
341648
341656
341682
341724
341734
341753
341765
341769
341776
341820
341861
341906
341911
341918
341934
341962
341970
341980
341996
342007
342035
342036
342081
342083
342140
342171
342173
342178
342179
342186
342210
342229
342235
342264
342291
342312
342323
342347
342354
342356
342363
342420
342481
342498
342518
342544
342546
342553
342578
342595
342600
342608
342634
342653
342670
342673
342697
342713
342725
342754
342783
342797
342800
342818
342828
342836
342838
342852
342890
342916
342978
343003
343032
343035
343041
343054
343061
343068
343087
343225
343286
343315
343329
343362
343467
343499
343526
343528
343541
343596
343605
343609
343630
343641
343653
343675
343677
343711
343721
343783
343791
343801
343848
343864
343868
343921
343932
343933
343964
343968
344064
344104
344110
344116
344141
344151
344185
344194
344209
344212
344248
344261
344271
344287
344289
344311
344341
344391
344393
344423
344426
344431
344443
344498
344516
344517
344519
344520
344526
344535
344551
344558
344573
344605
344666
344679
344680
344714
344727
344732
344821
344831
344866
344899
344905
344909
344924
344933
344951
344955
344975
344990
345009
345028
345031
345036
345059
345063
345064
345089
345095
345129
345206
345207
345225
345270
345278
345326
345348
345371
345376
345461
345509
345516
345523
345551
345553
345566
345570
345606
345627
345637
345640
345683
345696
345739
345746
345804
345823
345888
345943
345956
345962
345977
345986
346014
346089
346102
346109
346114
346153
346178
346193
346242
346275
346369
346375
346535
346560
346619
346638
346658
346712
346752
346764
346773
346778
346789
346819
346869
346889
346925
346949
346957
347022
347041
347044
347076
347135
347195
347197
347202
347208
347221
347229
347238
347255
347266
347285
347292
347370
347393
347405
347419
347434
347469
347539
347558
347608
347609
347637
347704
347719
347754
347756
347784
347803
347822
347841
347842
347849
347885
347906
347908
347921
347941
347945
347947
347954
347972
347985
347997
348010
348015
348028
348029
348030
348074
348106
348107
348112
348118
348131
348175
348184
348195
348199
348322
348366
348438
348452
348472
348484
348490
348497
348514
348516
348607
348611
348680
348690
348715
348721
348779
348789
348830
348835
348841
348873
348892
348897
348907
348914
348920
349005
349019
349078
349109
349131
349187
349190
349224
349320
349328
349331
349360
349412
349429
349481
349494
349533
349537
349545
349615
349639
349641
349664
349698
349712
349735
349780
349893
349901
349906
349920
349967
349991
349996
350000
350032
350045
350051
350084
350111
350119
350173
350186
350264
350313
350326
350328
350345
350388
350417
350428
350438
350503
350513
350520
350706
350734
350743
350801
350879
350921
350956
350976
350984
351029
351049
351064
351069
351104
351143
351150
351170
351180
351217
351231
351247
351279
351295
351296
351338
351347
351405
351423
351427
351458
351468
351487
351491
351512
351535
351551
351590
351682
351889
351917
351958
351989
351995
351999
352041
352049
352097
352101
352123
352172
352198
352225
352265
352270
352287
352292
352331
352345
352388
352408
352426
352448
352467
352506
352522
352576
352579
352627
352650
352725
352743
352755
352758
352772
352774
352777
352793
352830
352847
352849
352858
352867
352881
352894
352903
352917
352921
352929
352933
352942
352989
353000
353102
353142
353154
353181
353195
353204
353205
353221
353246
353286
353295
353329
353334
353447
353448
353472
353512
353557
353612
353625
353633
353646
353676
353686
353704
353732
353734
353752
353758
353763
353770
353788
353819
353846
353862
353883
353888
353895
353912
353916
353920
353921
353955
353978
354009
354027
354091
354113
354124
354176
354196
354197
354210
354250
354258
354282
354301
354328
354333
354345
354355
354370
354390
354428
354451
354454
354461
354485
354486
354488
354535
354586
354609
354614
354616
354618
354629
354634
354647
354653
354657
354661
354697
354708
354779
354795
354796
354806
354812
354816
354819
354875
354926
354938
355005
355016
355033
355044
355052
355084
355109
355194
355233
355250
355303
355316
355327
355357
355363
355384
355395
355445
355462
355475
355494
355498
355530
355542
355548
355610
355637
355646
355662
355684
355689
355806
355807
355855
355876
355946
355959
355969
355990
356009
356049
356062
356112
356124
356129
356163
356169
356217
356222
356319
356356
356404
356443
356453
356455
356463
356479
356523
356525
356539
356540
356541
356573
356670
356674
356679
356717
356745
356794
356843
356862
356865
356901
356914
356919
356983
357023
357034
357140
357161
357188
357189
357190
357240
357256
357257
357312
357338
357382
357384
357399
357410
357424
357449
357475
357477
357480
357526
357530
357574
357637
357647
357657
357690
357761
357784
357796
357895
357909
357910
357912
357945
357964
358042
358067
358089
358119
358136
358154
358173
358198
358257
358272
358391
358395
358416
358436
358444
358475
358489
358513
358557
358568
358586
358617
358657
358687
358734
358796
358821
358830
358869
358881
358898
358909
358920
358950
358993
359020
359081
359088
359106
359110
359150
359306
359321
359399
359417
359424
359467
359475
359504
359508
359511
359512
359592
359603
359613
359631
359645
359681
359739
359757
359773
359802
359818
359862
359875
359880
359883
359892
359903
359928
359931
359935
359949
359979
360000
360049
360061
360089
360140
360188
360250
360324
360361
360379
360387
360392
360454
360471
360473
360546
360575
360582
360600
360602
360628
360668
360674
360693
360763
360767
360817
360834
360875
360898
360937
360965
360979
361009
361112
361125
361146
361184
361302
361327
361354
361454
361501
361514
361560
361616
361627
361669
361674
361723
361785
361801
361855
361865
361869
361873
361886
361918
361946
361949
361950
362021
362025
362045
362117
362126
362132
362166
362179
362195
362198
362208
362215
362306
362309
362332
362348
362399
362469
362479
362516
362518
362527
362537
362552
362559
362615
362655
362665
362675
362679
362688
362712
362724
362732
362756
362758
362765
362786
362806
362835
362837
362853
362854
362895
362896
363014
363103
363109
363139
363170
363222
363267
363276
363304
363325
363340
363367
363382
363410
363437
363502
363550
363561
363563
363583
363645
363690
363735
363742
363748
363768
363861
363884
363910
363964
363983
363987
364089
364119
364236
364240
364258
364283
364285
364325
364327
364333
364448
364469
364501
364525
364576
364627
364656
364659
364660
364664
364670
364785
364815
364874
364997
365006
365020
365023
365256
365299
365300
365303
365313
365319
365366
365379
365393
365414
365417
365451
365456
365555
365593
365617
365669
365684
365707
365779
365806
365841
365884
365885
365888
365939
365941
365952
365963
366014
366088
366101
366144
366155
366176
366182
366212
366271
366289
366292
366300
366317
366329
366333
366340
366352
366389
366391
366406
366437
366457
366474
366527
366529
366537
366572
366609
366627
366638
366656
366700
366794
366796
366811
366814
366915
366926
366929
366932
367028
367040
367054
367057
367061
367079
367080
367095
367099
367104
367142
367145
367146
367153
367164
367166
367174
367241
367291
367375
367415
367460
367473
367502
367514
367529
367562
367580
367629
367631
367632
367637
367652
367688
367695
367765
367766
367795
367812
367879
367899
367906
367971
367983
368055
368179
368180
368193
368206
368242
368260
368265
368281
368329
368442
368456
368459
368501
368608
368639
368643
368646
368712
368719
368829
368848
368873
368902
368920
368928
368945
368967
368976
369014
369029
369090
369099
369107
369141
369175
369245
369360
369396
369439
369442
369572
369625
369640
369675
369729
369814
369815
369879
369891
369913
369948
369965
370016
370064
370078
370126
370172
370253
370260
370381
370415
370440
370463
370472
370516
370580
370608
370645
370648
370700
370707
370714
370754
370782
370787
370845
370852
370886
370912
370919
370937
370954
370969
370990
371005
371020
371039
371058
371061
371134
371151
371160
371174
371230
371268
371328
371329
371378
371407
371413
371433
371451
371455
371456
371463
371477
371498
371503
371557
371569
371571
371597
371635
371661
371671
371695
371707
371724
371765
371835
371896
371899
371932
371938
371947
371972
372043
372052
372062
372071
372140
372143
372180
372188
372228
372258
372260
372279
372314
372337
372338
372340
372355
372374
372426
372427
372428
372459
372468
372497
372510
372519
372528
372537
372544
372553
372557
372620
372653
372664
372711
372723
372771
372774
372775
372782
372804
372812
372831
372839
372840
372871
372905
372909
372944
372948
372972
372986
373003
373045
373062
373093
373097
373100
373107
373172
373179
373193
373200
373240
373267
373276
373297
373305
373320
373328
373348
373360
373376
373392
373411
373425
373477
373492
373496
373531
373538
373609
373612
373620
373622
373654
373656
373663
373698
373701
373713
373717
373725
373735
373791
373817
373824
373892
373907
373921
373934
373954
373967
373968
373972
374017
374023
374033
374093
374161
374185
374197
374246
374251
374288
374319
374347
374353
374361
374363
374377
374407
374408
374530
374554
374568
374605
374648
374688
374691
374724
374739
374745
374758
374789
374812
374845
374856
374883
374928
374943
374949
374976
374990
375014
375045
375053
375072
375101
375113
375123
375128
375163
375174
375201
375228
375233
375254
375257
375285
375327
375335
375339
375347
375350
375388
375430
375443
375474
375490
375496
375507
375516
375524
375533
375635
375687
375688
375696
375721
375731
375732
375800
375885
375887
375888
375894
375904
375928
375931
375955
375973
376006
376015
376046
376067
376087
376119
376173
376205
376229
376233
376291
376322
376347
376404
376418
376460
376579
376616
376622
376623
376664
376667
376706
376739
376776
376792
376800
376815
376816
376844
376857
376859
376888
376897
376926
376942
376968
376982
377021
377027
377047
377050
377058
377120
377203
377216
377227
377241
377306
377314
377316
377359
377360
377387
377505
377509
377544
377565
377570
377622
377639
377648
377700
377742
377759
377764
377785
377790
377804
377826
377835
377838
377858
377904
378004
378031
378075
378089
378140
378177
378206
378218
378224
378239
378243
378324
378340
378352
378389
378408
378445
378498
378499
378508
378534
378545
378596
378620
378675
378689
378708
378712
378717
378730
378743
378749
378775
378810
378818
378893
378928
378938
378962
378966
379006
379009
379029
379110
379124
379170
379204
379218
379309
379367
379494
379499
379511
379523
379542
379552
379571
379592
379665
379765
379767
379789
379800
379804
379813
379843
379863
379872
379873
379901
379957
379961
379984
379996
380007
380019
380034
380118
380120
380142
380242
380243
380245
380283
380294
380306
380358
380371
380461
380518
380524
380614
380627
380635
380655
380700
380768
380797
380819
380823
380831
380868
